kinematics:
  shoulder:
    x: 0
    y: 0
    z: 0.1520336127904309
    roll: -0
    pitch: 0
    yaw: -1.00298204212465e-07
  upper_arm:
    x: -0.0001455305524053324
    y: 0
    z: 0
    roll: 1.570035683196426
    pitch: 0
    yaw: 3.41152115577468e-06
  forearm:
    x: -0.2441430438501275
    y: 0
    z: 0
    roll: 3.139321807658339
    pitch: 3.139105702545978
    yaw: 3.141588107676964
  wrist_1:
    x: -0.2132857599784136
    y: -0.0002354479876214674
    z: 0.1314867933072333
    roll: 0.001790656917310005
    pitch: 0.0007655884436570007
    yaw: 1.522848225207421e-06
  wrist_2:
    x: 0.0001069072062085512
    y: -0.08541073660094806
    z: -7.078630009440088e-05
    roll: 1.571625101802636
    pitch: 0
    yaw: -1.219060889019741e-06
  wrist_3:
    x: -0.0001665588561359234
    y: 0.0922645024121747
    z: -0.0001187195865114459
    roll: 1.569509596601948
    pitch: 3.141592653589793
    yaw: 3.141592524154565
  hash: calib_1893987723246429911